1 c1yueA_.1.pdb 1 70 2 421
2 d2ft1a1.2.pdb 0.963 17 152 325
3 c1if0A_.3.pdb 0.948 17 153 325
4 c3j7wF_.4.pdb 0.635 10 185 320
5 d2j9ga1.5.pdb 0.454 19 353 384
6 c4bmlA_.6.pdb 0.43 12 185 281
7 c3p8qF_.7.pdb 0.415 16 153 214
8 c2xd8F_.8.pdb 0.387 10 185 281
9 c1abzA_.9.pdb 0.366 39 174 207
10 c4jvsA_.10.pdb 0.274 31 327 405
11 d1dqta_.11.pdb 0.25 21 336 365
12 c3jzfA_.12.pdb 0.214 18 364 408
13 d1gd6a_.13.pdb 0.198 15 181 234
14 c3feuA_.14.pdb 0.184 12 182 236
15 c1ym5A_.15.pdb 0.176 18 27 71
16 d1qy9a1.16.pdb 0.16 19 27 71
17 c4di7A_.17.pdb 0.159 12 164 290
18 d1un2a_.18.pdb 0.159 12 179 236
19 d1p3qq_.19.pdb 0.159 16 181 232
20 c2rtsA_.20.pdb 0.148 17 60 109
